PLAYER , TEAM , AGE , GP , G , FREQ , FGM , FGA , FG% , EFG% , 2FG FREQ , 2FGM , 2FGA , 2FG% , 3FG FREQ , 3PM , 3PA , 3P% , --------------------------------------------------------------
Cade Cunningham,DET,22,12,12,100,8.0,19.9,40.2,44.8,69.0,6.2,13.8,44.9,31.0,1.8,6.2,29.7,--------------------------------------------------------------
Ausar Thompson,DET,20,12,12,100,4.8,11.0,43.2,44.7,79.5,4.4,8.8,50.5,20.5,0.3,2.3,14.7,--------------------------------------------------------------
Killian Hayes,DET,22,12,12,100,4.0,10.0,40.0,45.8,64.2,2.8,6.4,44.1,35.8,1.2,3.6,32.7,--------------------------------------------------------------
Isaiah Stewart,DET,22,12,12,100,4.4,9.3,47.3,56.3,58.0,2.8,5.4,50.7,42.0,1.7,3.9,42.6,--------------------------------------------------------------
Marcus Sasser,DET,23,12,12,100,3.7,7.5,48.9,59.4,50.0,2.1,3.8,55.5,50.0,1.6,3.8,42.1,--------------------------------------------------------------
Marvin Bagley III,DET,24,12,12,100,4.3,7.3,59.1,59.7,94.3,4.3,6.9,61.4,5.7,0.1,0.4,19.0,--------------------------------------------------------------
Desmond Bane,MEM,25,11,11,100,9.4,20.6,45.6,53.8,53.5,6.0,11.0,54.5,46.5,3.4,9.6,35.2,--------------------------------------------------------------
Lauri Markkanen,UTA,26,11,11,100,8.1,16.8,48.1,59.7,45.4,4.2,7.6,54.7,54.6,3.9,9.2,42.6,--------------------------------------------------------------
Mikal Bridges,BKN,27,11,11,100,7.6,16.7,45.7,51.4,60.9,5.7,10.2,56.3,39.1,1.9,6.5,29.2,--------------------------------------------------------------
Victor Wembanyama,SAS,19,11,11,100,6.9,16.0,43.2,48.0,65.9,5.4,10.6,50.8,34.1,1.6,5.5,28.4,--------------------------------------------------------------
Jordan Clarkson,UTA,31,11,11,100,6.5,15.6,42.1,47.7,64.3,4.8,10.0,48.2,35.7,1.7,5.5,31.2,--------------------------------------------------------------
Jaren Jackson Jr.,MEM,24,11,11,100,6.7,15.2,44.3,49.7,66.5,5.1,10.1,50.4,33.5,1.6,5.1,32.2,--------------------------------------------------------------
D'Angelo Russell,LAL,27,11,11,100,6.6,14.3,46.5,53.5,59.2,4.6,8.4,54.9,40.8,2.0,5.8,34.4,--------------------------------------------------------------
Josh Giddey,OKC,21,11,11,100,5.5,12.8,43.3,44.7,85.1,5.2,10.9,47.5,14.9,0.4,1.9,18.8,--------------------------------------------------------------
Jalen Williams,OKC,22,11,11,100,6.5,12.3,52.6,57.0,75.6,5.4,9.3,57.8,24.4,1.1,3.0,36.3,--------------------------------------------------------------
Myles Turner,IND,27,11,11,100,6.3,12.2,51.5,59.3,60.4,4.4,7.4,59.2,39.6,1.9,4.8,39.6,--------------------------------------------------------------
Jordan Hawkins,NOP,21,11,11,100,4.5,11.8,37.7,50.0,31.5,1.6,3.7,41.6,68.5,2.9,8.1,36.0,--------------------------------------------------------------
Bennedict Mathurin,IND,21,11,11,100,4.8,11.3,42.7,48.4,65.3,3.5,7.4,48.2,34.7,1.3,3.9,32.5,--------------------------------------------------------------
Buddy Hield,IND,30,11,11,100,4.5,11.1,41.0,54.1,29.5,1.6,3.3,50.2,70.5,2.9,7.8,37.2,--------------------------------------------------------------
Austin Reaves,LAL,25,11,11,100,4.9,11.0,44.6,52.1,60.3,3.3,6.6,49.2,39.7,1.6,4.4,37.6,--------------------------------------------------------------
Duncan Robinson,MIA,29,11,11,100,4.9,10.9,45.0,57.1,33.3,2.3,3.6,62.4,66.7,2.6,7.3,36.3,--------------------------------------------------------------
John Collins,UTA,26,11,11,100,5.6,10.8,52.1,59.2,66.4,4.1,7.2,57.0,33.6,1.6,3.6,42.6,--------------------------------------------------------------
Marcus Smart,MEM,29,11,11,100,4.6,10.8,42.9,50.4,48.7,3.0,5.3,56.9,51.3,1.6,5.5,29.5,--------------------------------------------------------------
Zach Collins,SAS,25,11,11,100,5.6,10.6,53.4,58.2,64.7,4.6,6.8,68.0,35.3,1.0,3.7,26.8,--------------------------------------------------------------
Andrew Wiggins,GSW,28,11,11,100,4.3,10.6,40.5,42.7,74.1,3.8,7.8,48.8,25.9,0.5,2.7,16.5,--------------------------------------------------------------
Chet Holmgren,OKC,21,11,11,100,5.4,10.2,52.7,61.2,63.4,3.6,6.5,56.4,36.6,1.7,3.7,46.4,--------------------------------------------------------------
Talen Horton-Tucker,UTA,22,11,11,100,3.8,9.4,40.4,46.6,63.5,2.6,6.0,44.0,36.5,1.2,3.5,34.2,--------------------------------------------------------------
Dorian Finney-Smith,BKN,30,11,11,100,4.4,9.4,46.6,62.6,27.2,1.4,2.5,53.3,72.8,3.0,6.8,44.0,--------------------------------------------------------------
Bruce Brown,IND,27,11,11,100,4.2,9.3,45.1,52.5,59.8,2.8,5.5,50.8,40.2,1.4,3.7,36.5,--------------------------------------------------------------
Jeremy Sochan,SAS,20,11,11,100,4.2,9.3,45.1,49.0,82.4,3.5,7.6,45.2,17.6,0.7,1.6,44.5,--------------------------------------------------------------
Jonas Valanciunas,NOP,31,11,11,100,4.6,9.1,51.0,56.0,75.0,3.7,6.8,54.7,25.0,0.9,2.3,40.1,--------------------------------------------------------------
Chris Paul,GSW,38,11,11,100,3.4,9.0,37.4,40.9,63.6,2.7,5.7,47.6,36.4,0.6,3.3,19.6,--------------------------------------------------------------
Collin Sexton,UTA,24,11,11,100,4.1,8.9,45.9,51.0,67.3,3.2,6.0,53.0,32.7,0.9,2.9,31.3,--------------------------------------------------------------
Malaki Branham,SAS,20,11,11,100,3.7,8.6,43.2,48.9,63.2,2.7,5.5,50.1,36.8,1.0,3.2,31.4,--------------------------------------------------------------
Luguentz Dort,OKC,24,11,11,100,4.2,8.6,48.9,61.7,45.7,2.0,3.9,51.2,54.3,2.2,4.6,47.0,--------------------------------------------------------------
Royce O'Neale,BKN,30,11,11,100,2.9,8.1,36.0,52.2,15.7,0.3,1.3,21.3,84.3,2.6,6.8,38.7,--------------------------------------------------------------
Dario Saric,GSW,29,11,11,100,3.4,8.0,42.0,51.7,43.2,1.8,3.5,52.8,56.8,1.6,4.5,34.1,--------------------------------------------------------------
Aaron Nesmith,IND,24,11,11,100,4.0,7.8,51.2,64.5,41.9,1.9,3.3,58.4,58.1,2.1,4.5,45.9,--------------------------------------------------------------
Jaime Jaquez Jr.,MIA,22,11,11,100,3.8,7.6,50.0,55.4,61.9,3.0,4.7,63.4,38.1,0.8,2.9,28.2,--------------------------------------------------------------
David Roddy,MEM,22,11,10,100,3.4,7.4,45.7,50.6,61.7,2.6,4.5,58.0,38.3,0.7,2.8,25.9,--------------------------------------------------------------
Obi Toppin,IND,25,11,11,100,4.5,7.3,61.3,66.3,67.5,3.7,4.9,76.0,32.5,0.7,2.4,30.9,--------------------------------------------------------------
Dyson Daniels,NOP,20,11,11,100,3.3,7.2,45.6,53.2,57.0,2.2,4.1,53.3,43.0,1.1,3.1,35.3,--------------------------------------------------------------
Keyonte George,UTA,20,11,11,100,2.7,7.1,38.5,47.4,41.0,1.4,2.9,49.8,59.0,1.3,4.2,30.4,--------------------------------------------------------------
Isaiah Joe,OKC,24,11,11,100,2.7,6.9,39.5,55.9,19.7,0.5,1.4,33.1,80.3,2.3,5.5,40.9,--------------------------------------------------------------
Andrew Nembhard,IND,23,11,11,100,3.3,6.8,48.0,53.3,62.7,2.5,4.3,59.7,37.3,0.7,2.5,28.6,--------------------------------------------------------------
Matt Ryan,NOP,26,11,11,100,2.9,6.5,45.1,63.4,16.9,0.6,1.1,50.5,83.1,2.4,5.4,44.0,--------------------------------------------------------------
Cedi Osman,SAS,28,11,11,100,3.0,5.9,50.8,63.8,41.5,1.4,2.5,59.2,58.5,1.6,3.5,44.9,--------------------------------------------------------------
Cam Reddish,LAL,24,11,11,100,2.4,5.7,41.3,50.0,49.2,1.4,2.8,48.2,50.8,1.0,2.9,34.4,--------------------------------------------------------------
Gary Payton II,GSW,30,11,11,100,2.6,5.5,48.3,55.8,58.3,1.8,3.2,57.2,41.7,0.8,2.3,36.1,--------------------------------------------------------------
Moses Moody,GSW,21,11,11,100,2.5,5.5,45.0,55.0,38.3,1.4,2.1,65.1,61.7,1.1,3.4,32.4,--------------------------------------------------------------
Christian Wood,LAL,28,11,11,100,2.3,5.5,41.7,50.8,50.0,1.3,2.7,46.5,50.0,1.0,2.7,36.6,--------------------------------------------------------------
Doug McDermott,SAS,31,11,11,100,2.6,5.2,50.9,71.1,22.8,0.6,1.2,46.6,77.2,2.1,4.0,52.3,--------------------------------------------------------------
Kelly Olynyk,UTA,32,11,11,100,2.8,4.8,58.5,67.0,62.3,2.0,3.0,66.7,37.7,0.8,1.8,45.1,--------------------------------------------------------------
Cason Wallace,OKC,20,11,11,100,3.1,4.7,65.4,76.0,61.5,2.1,2.9,71.8,38.5,1.0,1.8,54.9,--------------------------------------------------------------
Day'Ron Sharpe,BKN,22,11,11,100,2.7,4.7,57.7,57.7,96.2,2.7,4.5,60.0,3.8,0.0,0.2,0.0,--------------------------------------------------------------
Ochai Agbaji,UTA,23,11,11,100,1.7,4.4,39.6,50.0,39.6,0.8,1.7,47.4,60.4,0.9,2.6,34.5,--------------------------------------------------------------
Kevon Looney,GSW,27,11,11,100,2.3,3.9,58.1,58.1,100,2.3,3.9,58.1,0.0,0.0,0.0,-,--------------------------------------------------------------
Charles Bassey,SAS,23,11,9,100,1.7,2.4,73.1,73.1,96.2,1.7,2.3,76.2,3.8,0.0,0.1,0.0,--------------------------------------------------------------
Joel Embiid,PHI,29,10,10,100,11.0,21.8,50.5,53.2,83.0,9.8,18.1,54.1,17.0,1.2,3.7,32.4,--------------------------------------------------------------
Anthony Edwards,MIN,22,10,10,100,10.1,20.9,48.3,54.3,67.9,7.6,14.2,53.5,32.1,2.5,6.7,37.3,--------------------------------------------------------------
Shai Gilgeous-Alexander,OKC,25,10,10,100,11.1,20.8,53.4,56.3,81.3,9.9,16.9,58.6,18.8,1.2,3.9,30.8,--------------------------------------------------------------
Tyrese Maxey,PHI,23,10,10,100,10.2,20.7,49.3,57.2,62.8,6.9,13.0,53.1,37.2,3.3,7.7,42.9,--------------------------------------------------------------
Luka Doncic,DAL,24,10,10,100,10.6,20.3,52.2,63.1,51.7,6.2,10.5,59.0,48.3,4.4,9.8,44.9,--------------------------------------------------------------
Kevin Durant,PHX,35,10,10,100,10.1,20.3,49.8,54.2,79.3,8.3,16.1,51.6,20.7,1.8,4.2,42.9,--------------------------------------------------------------
Stephen Curry,GSW,35,10,10,100,9.8,19.7,49.7,64.0,36.0,4.2,7.1,59.2,64.0,5.6,12.6,44.4,--------------------------------------------------------------
Kyle Kuzma,WAS,28,10,10,100,9.5,19.5,48.7,54.9,65.1,7.1,12.7,55.9,34.9,2.4,6.8,35.3,--------------------------------------------------------------
Jayson Tatum,BOS,25,10,10,100,10.2,19.4,52.6,61.6,54.6,6.7,10.6,63.2,45.4,3.5,8.8,39.8,--------------------------------------------------------------
Giannis Antetokounmpo,MIL,28,10,10,100,11.0,19.0,57.9,59.5,87.4,10.4,16.6,62.7,12.6,0.6,2.4,25.0,--------------------------------------------------------------
Jalen Brunson,NYK,27,10,10,100,8.0,18.9,42.3,49.2,68.3,5.4,12.9,41.9,31.7,2.6,6.0,43.3,--------------------------------------------------------------
Jaylen Brown,BOS,27,10,10,100,8.5,18.5,45.9,53.5,58.4,5.7,10.8,52.8,41.6,2.8,7.7,36.4,--------------------------------------------------------------
LaMelo Ball,CHA,22,10,10,100,7.7,18.4,41.8,50.0,55.4,4.7,10.2,46.1,44.6,3.0,8.2,36.6,--------------------------------------------------------------
Zach LaVine,CHI,28,10,10,100,7.5,18.0,41.7,48.3,57.8,5.1,10.4,49.0,42.2,2.4,7.6,31.6,--------------------------------------------------------------
DeMar DeRozan,CHI,34,10,10,100,7.5,17.3,43.4,45.7,86.1,6.7,14.9,45.0,13.9,0.8,2.4,33.3,--------------------------------------------------------------
Julius Randle,NYK,28,10,10,100,5.8,17.1,33.9,38.9,61.4,4.1,10.5,39.0,38.6,1.7,6.6,25.8,--------------------------------------------------------------
Karl-Anthony Towns,MIN,28,10,10,100,7.7,17.0,45.3,51.8,64.1,5.5,10.9,50.5,35.9,2.2,6.1,36.1,--------------------------------------------------------------
Paul George,LAC,33,10,10,100,8.0,16.9,47.3,56.8,51.5,4.8,8.7,55.2,48.5,3.2,8.2,39.0,--------------------------------------------------------------
Kawhi Leonard,LAC,32,10,10,100,7.7,16.8,45.8,53.3,64.9,5.2,10.9,47.7,35.1,2.5,5.9,42.4,--------------------------------------------------------------
LeBron James,LAL,38,10,10,100,9.3,16.4,56.7,62.5,68.3,7.4,11.2,66.1,31.7,1.9,5.2,36.5,--------------------------------------------------------------
Tyrese Haliburton,IND,23,10,10,100,8.6,16.3,52.8,63.2,52.1,5.2,8.5,61.2,47.9,3.4,7.8,43.6,--------------------------------------------------------------
Bam Adebayo,MIA,26,10,10,100,8.4,16.0,52.5,52.8,98.8,8.3,15.8,52.5,1.3,0.1,0.2,50.0,--------------------------------------------------------------
Anthony Davis,LAL,30,10,10,100,8.5,15.9,53.5,54.4,95.0,8.2,15.1,54.3,5.0,0.3,0.8,37.5,--------------------------------------------------------------
Nikola Vucevic,CHI,33,10,10,100,7.5,15.4,48.7,52.3,77.3,6.4,11.9,53.8,22.7,1.1,3.5,31.4,--------------------------------------------------------------
Jordan Poole,WAS,24,10,10,100,6.1,14.7,41.5,48.3,55.1,4.1,8.1,50.6,44.9,2.0,6.6,30.3,--------------------------------------------------------------
P.J. Washington,CHA,25,10,10,100,6.9,14.3,48.3,54.2,63.6,5.2,9.1,57.1,36.4,1.7,5.2,32.7,--------------------------------------------------------------
Keldon Johnson,SAS,24,10,10,100,6.0,13.6,44.1,50.0,62.5,4.4,8.5,51.8,37.5,1.6,5.1,31.4,--------------------------------------------------------------
Tobias Harris,PHI,31,10,10,100,7.6,13.2,57.6,61.7,76.5,6.5,10.1,64.4,23.5,1.1,3.1,35.5,--------------------------------------------------------------
Klay Thompson,GSW,33,10,10,100,5.5,13.0,42.3,51.5,47.7,3.1,6.2,50.0,52.3,2.4,6.8,35.3,--------------------------------------------------------------
Evan Mobley,CLE,22,10,10,100,6.7,12.9,51.9,52.3,95.3,6.6,12.3,53.7,4.7,0.1,0.6,16.7,--------------------------------------------------------------
Russell Westbrook,LAC,35,10,10,100,6.0,12.9,46.5,50.4,75.2,5.0,9.7,51.5,24.8,1.0,3.2,31.3,--------------------------------------------------------------
Tim Hardaway Jr.,DAL,31,10,9,100,5.0,12.5,40.0,52.0,32.0,2.0,4.0,50.0,68.0,3.0,8.5,35.3,--------------------------------------------------------------
Max Strus,CLE,27,10,10,100,5.1,11.9,42.9,55.0,33.6,2.2,4.0,55.0,66.4,2.9,7.9,36.7,--------------------------------------------------------------
Coby White,CHI,23,10,10,100,4.7,11.9,39.5,47.5,50.4,2.8,6.0,46.7,49.6,1.9,5.9,32.2,--------------------------------------------------------------
Kristaps Porzingis,BOS,28,10,10,100,6.5,11.5,56.5,65.2,57.4,4.5,6.6,68.2,42.6,2.0,4.9,40.8,--------------------------------------------------------------
Immanuel Quickley,NYK,24,10,10,100,5.0,11.1,45.0,53.6,55.0,3.1,6.1,50.8,45.0,1.9,5.0,38.0,--------------------------------------------------------------
Jrue Holiday,BOS,33,10,10,100,5.0,11.1,45.0,52.3,60.4,3.4,6.7,50.7,39.6,1.6,4.4,36.4,--------------------------------------------------------------
Lonnie Walker IV,BKN,24,10,10,100,5.5,10.8,50.9,61.6,53.7,3.2,5.8,55.2,46.3,2.3,5.0,46.0,--------------------------------------------------------------
Deni Avdija,WAS,22,10,10,100,5.1,10.0,51.0,56.5,70.0,4.0,7.0,57.1,30.0,1.1,3.0,36.7,--------------------------------------------------------------
Bobby Portis,MIL,28,10,10,100,4.7,9.8,48.0,51.5,73.5,4.0,7.2,55.6,26.5,0.7,2.6,26.9,--------------------------------------------------------------
Spencer Dinwiddie,BKN,30,10,10,100,4.2,9.4,44.7,57.4,36.2,1.8,3.4,52.9,63.8,2.4,6.0,40.0,--------------------------------------------------------------
Jonathan Kuminga,GSW,21,10,10,100,3.8,9.4,40.4,42.6,76.6,3.4,7.2,47.2,23.4,0.4,2.2,18.2,--------------------------------------------------------------
Grayson Allen,PHX,28,10,10,100,4.3,9.2,46.7,61.4,39.1,1.6,3.6,44.4,60.9,2.7,5.6,48.2,--------------------------------------------------------------
Tyus Jones,WAS,27,10,10,100,3.9,9.1,42.9,50.5,59.3,2.5,5.4,46.3,40.7,1.4,3.7,37.8,--------------------------------------------------------------
Naz Reid,MIN,24,10,10,100,4.8,8.9,53.9,64.6,51.7,2.9,4.6,63.0,48.3,1.9,4.3,44.2,--------------------------------------------------------------
De'Anthony Melton,PHI,25,10,10,100,3.3,8.9,37.1,47.2,46.1,1.5,4.1,36.6,53.9,1.8,4.8,37.5,--------------------------------------------------------------
Brook Lopez,MIL,35,10,10,100,3.5,8.6,40.7,51.2,40.7,1.7,3.5,48.6,59.3,1.8,5.1,35.3,--------------------------------------------------------------
Norman Powell,LAC,30,10,10,100,4.5,8.5,52.9,64.7,48.2,2.5,4.1,61.0,51.8,2.0,4.4,45.5,--------------------------------------------------------------
Ziaire Williams,MEM,22,10,10,100,3.0,8.5,35.3,42.9,47.1,1.7,4.0,42.5,52.9,1.3,4.5,28.9,--------------------------------------------------------------
Jusuf Nurkic,PHX,29,10,10,100,3.3,8.4,39.3,43.5,65.5,2.6,5.5,47.3,34.5,0.7,2.9,24.1,--------------------------------------------------------------
Rudy Gobert,MIN,31,10,10,100,4.2,8.1,51.9,51.9,100,4.2,8.1,51.9,0.0,0.0,0.0,-,--------------------------------------------------------------
Mark Williams,CHA,21,10,10,100,5.8,7.8,74.4,74.4,100,5.8,7.8,74.4,0.0,0.0,0.0,-,--------------------------------------------------------------
Mike Conley,MIN,36,10,10,100,3.9,7.6,51.3,64.5,42.1,1.9,3.2,59.4,57.9,2.0,4.4,45.5,--------------------------------------------------------------
Grant Williams,DAL,24,10,10,100,3.9,7.5,52.0,70.7,29.3,1.1,2.2,50.0,70.7,2.8,5.3,52.8,--------------------------------------------------------------
Jordan Goodwin,PHX,25,10,10,100,2.4,7.3,32.9,41.8,47.9,1.1,3.5,31.4,52.1,1.3,3.8,34.2,--------------------------------------------------------------
Ivica Zubac,LAC,26,10,10,100,4.1,7.2,56.9,56.9,100,4.1,7.2,56.9,0.0,0.0,0.0,-,--------------------------------------------------------------
Josh Hart,NYK,28,10,10,100,2.8,7.2,38.9,45.8,52.8,1.8,3.8,47.4,47.2,1.0,3.4,29.4,--------------------------------------------------------------
Georges Niang,CLE,30,10,10,100,2.3,6.8,33.8,42.6,33.8,1.1,2.3,47.8,66.2,1.2,4.5,26.7,--------------------------------------------------------------
Malik Beasley,MIL,26,10,10,100,2.9,6.7,43.3,58.2,26.9,0.9,1.8,50.0,73.1,2.0,4.9,40.8,--------------------------------------------------------------
Donte DiVincenzo,NYK,26,10,10,100,2.3,6.6,34.8,45.5,33.3,0.9,2.2,40.9,66.7,1.4,4.4,31.8,--------------------------------------------------------------
Josh Green,DAL,22,10,10,100,2.8,6.5,43.1,53.8,41.5,1.4,2.7,51.9,58.5,1.4,3.8,36.8,--------------------------------------------------------------
Sam Hauser,BOS,25,10,10,100,3.2,6.4,50.0,71.9,7.8,0.4,0.5,80.0,92.2,2.8,5.9,47.5,--------------------------------------------------------------
Quentin Grimes,NYK,23,10,10,100,2.8,6.4,43.8,60.9,14.1,0.6,0.9,66.7,85.9,2.2,5.5,40.0,--------------------------------------------------------------
Theo Maledon,CHA,22,10,10,100,1.9,6.4,29.7,33.6,54.7,1.4,3.5,40.0,45.3,0.5,2.9,17.2,--------------------------------------------------------------
Patrick Williams,CHI,22,10,10,100,2.1,6.2,33.9,41.9,51.6,1.1,3.2,34.4,48.4,1.0,3.0,33.3,--------------------------------------------------------------
Derrick Jones Jr.,DAL,26,10,10,100,2.8,6.1,45.9,55.7,39.3,1.6,2.4,66.7,60.7,1.2,3.7,32.4,--------------------------------------------------------------
Bilal Coulibaly,WAS,19,10,10,100,3.0,5.9,50.8,62.7,45.8,1.6,2.7,59.3,54.2,1.4,3.2,43.7,--------------------------------------------------------------
Dennis Smith Jr.,BKN,25,10,10,100,2.3,5.7,40.4,45.6,70.2,1.7,4.0,42.5,29.8,0.6,1.7,35.3,--------------------------------------------------------------
Kyle Anderson,MIN,30,10,10,100,3.1,5.6,55.4,57.1,82.1,2.9,4.6,63.0,17.9,0.2,1.0,20.0,--------------------------------------------------------------
Josh Okogie,PHX,25,10,10,100,2.3,5.6,41.1,44.6,58.9,1.9,3.3,57.6,41.1,0.4,2.3,17.4,--------------------------------------------------------------
Jevon Carter,CHI,28,10,10,100,2.4,5.4,44.4,58.3,38.9,0.9,2.1,42.9,61.1,1.5,3.3,45.5,--------------------------------------------------------------
Kyle Lowry,MIA,37,10,10,100,2.2,5.3,41.5,58.5,22.6,0.4,1.2,33.3,77.4,1.8,4.1,43.9,--------------------------------------------------------------
Andre Drummond,CHI,30,10,10,100,2.9,5.2,55.8,55.8,100,2.9,5.2,55.8,0.0,0.0,0.0,-,--------------------------------------------------------------
Mitchell Robinson,NYK,25,10,10,100,2.8,5.2,53.8,53.8,100,2.8,5.2,53.8,0.0,0.0,0.0,-,--------------------------------------------------------------
Payton Pritchard,BOS,25,10,10,100,1.7,5.2,32.7,39.4,40.4,1.0,2.1,47.6,59.6,0.7,3.1,22.6,--------------------------------------------------------------
Dereck Lively II,DAL,19,10,10,100,3.6,5.1,70.6,70.6,96.1,3.6,4.9,73.5,3.9,0.0,0.2,0.0,--------------------------------------------------------------
Torrey Craig,CHI,32,10,10,100,1.8,4.9,36.7,45.9,49.0,0.9,2.4,37.5,51.0,0.9,2.5,36.0,--------------------------------------------------------------
Pat Connaughton,MIL,30,10,10,100,1.9,4.8,39.6,47.9,39.6,1.1,1.9,57.9,60.4,0.8,2.9,27.6,--------------------------------------------------------------
Nickeil Alexander-Walker,MIN,25,10,10,100,1.8,4.7,38.3,47.9,40.4,0.9,1.9,47.4,59.6,0.9,2.8,32.1,--------------------------------------------------------------
Drew Eubanks,PHX,26,10,10,100,2.9,4.6,63.0,63.0,100,2.9,4.6,63.0,0.0,0.0,0.0,-,--------------------------------------------------------------
Cameron Payne,MIL,29,10,10,100,2.3,4.6,50.0,63.0,47.8,1.1,2.2,50.0,52.2,1.2,2.4,50.0,--------------------------------------------------------------
Yuta Watanabe,PHX,29,10,10,100,1.9,4.6,41.3,56.5,19.6,0.5,0.9,55.6,80.4,1.4,3.7,37.8,--------------------------------------------------------------
JT Thor,CHA,21,10,10,100,1.8,4.6,39.1,47.8,50.0,1.0,2.3,43.5,50.0,0.8,2.3,34.8,--------------------------------------------------------------
Isaiah Hartenstein,NYK,25,10,10,100,2.6,4.3,60.5,61.6,93.0,2.5,4.0,62.5,7.0,0.1,0.3,33.3,--------------------------------------------------------------
Shake Milton,MIN,27,10,9,100,1.6,4.2,38.1,45.2,54.8,1.0,2.3,43.5,45.2,0.6,1.9,31.6,--------------------------------------------------------------
Nick Richards,CHA,25,10,10,100,3.2,4.0,80.0,80.0,100,3.2,4.0,80.0,0.0,0.0,0.0,-,--------------------------------------------------------------
Thomas Bryant,MIA,26,10,10,100,2.1,4.0,52.5,52.5,95.0,2.1,3.8,55.3,5.0,0.0,0.2,0.0,--------------------------------------------------------------
Kira Lewis Jr.,NOP,22,10,10,100,1.3,4.0,32.5,33.8,67.5,1.2,2.7,44.4,32.5,0.1,1.3,7.7,--------------------------------------------------------------
Paul Reed,PHI,24,10,10,100,2.0,3.4,58.8,58.8,91.2,2.0,3.1,64.5,8.8,0.0,0.3,0.0,--------------------------------------------------------------
Ousmane Dieng,OKC,20,10,10,100,1.3,3.4,38.2,48.5,26.5,0.6,0.9,66.7,73.5,0.7,2.5,28.0,--------------------------------------------------------------
Larry Nance Jr.,NOP,30,10,9,100,1.6,3.3,48.5,53.0,72.7,1.3,2.4,54.2,27.3,0.3,0.9,33.3,--------------------------------------------------------------
Robert Covington,PHI,32,10,9,100,1.0,2.9,34.5,43.1,27.6,0.5,0.8,62.5,72.4,0.5,2.1,23.8,--------------------------------------------------------------
Patrick Beverley,PHI,35,10,10,100,1.0,2.6,38.5,42.3,50.0,0.8,1.3,61.5,50.0,0.2,1.3,15.4,--------------------------------------------------------------
Donovan Mitchell,CLE,27,9,9,100,10.2,21.8,46.9,54.6,58.7,6.9,12.8,53.9,41.3,3.3,9.0,37.0,--------------------------------------------------------------
Nikola Jokic,DEN,28,9,9,100,11.7,20.0,58.3,62.5,77.2,10.0,15.4,64.8,22.8,1.7,4.6,36.6,--------------------------------------------------------------
Dejounte Murray,ATL,27,9,9,100,8.8,17.2,51.0,57.7,66.5,6.4,11.4,56.3,33.5,2.3,5.8,40.3,--------------------------------------------------------------
Jerami Grant,POR,29,9,9,100,7.3,17.2,42.6,48.7,63.2,5.2,10.9,47.9,36.8,2.1,6.3,33.3,--------------------------------------------------------------
Franz Wagner,ORL,22,9,9,100,7.1,16.8,42.4,48.7,62.9,5.0,10.6,47.3,37.1,2.1,6.2,33.9,--------------------------------------------------------------
Zion Williamson,NOP,23,9,9,100,8.6,16.6,51.7,51.7,99.3,8.6,16.4,52.1,0.7,0.0,0.1,0.0,--------------------------------------------------------------
Scottie Barnes,TOR,22,9,9,100,8.0,16.6,48.3,54.4,67.1,6.0,11.1,54.0,32.9,2.0,5.4,36.8,--------------------------------------------------------------
Shaedon Sharpe,POR,20,9,9,100,6.7,15.4,43.2,51.1,56.1,4.2,8.7,48.7,43.9,2.4,6.8,36.0,--------------------------------------------------------------
Caris LeVert,CLE,29,9,9,100,6.6,15.3,42.8,49.6,60.9,4.4,9.3,47.6,39.1,2.1,6.0,35.2,--------------------------------------------------------------
Fred VanVleet,HOU,29,9,9,100,5.9,15.3,38.4,48.6,44.9,2.8,6.9,40.3,55.1,3.1,8.4,36.8,--------------------------------------------------------------
Pascal Siakam,TOR,29,9,9,100,6.8,15.2,44.5,48.9,68.6,5.4,10.4,52.1,31.4,1.3,4.8,27.8,--------------------------------------------------------------
Jalen Green,HOU,21,9,9,100,6.0,14.6,41.2,48.1,65.6,4.0,9.6,41.8,34.4,2.0,5.0,40.0,--------------------------------------------------------------
Gordon Hayward,CHA,33,9,9,100,6.7,14.2,46.9,50.4,82.0,5.7,11.7,48.6,18.0,1.0,2.6,39.1,--------------------------------------------------------------
Paolo Banchero,ORL,21,9,9,100,6.6,14.2,46.1,50.4,78.1,5.3,11.1,48.0,21.9,1.2,3.1,39.2,--------------------------------------------------------------
Alperen Sengun,HOU,21,9,9,100,8.2,13.8,59.7,61.3,87.1,7.8,12.0,64.8,12.9,0.4,1.8,24.7,--------------------------------------------------------------
Jimmy Butler,MIA,34,9,9,100,6.2,13.7,45.5,49.2,85.4,5.2,11.7,44.7,14.6,1.0,2.0,50.0,--------------------------------------------------------------
Michael Porter Jr.,DEN,25,9,9,100,6.0,13.0,46.2,55.1,45.3,3.7,5.9,62.3,54.7,2.3,7.1,32.8,--------------------------------------------------------------
Devin Vassell,SAS,23,9,9,100,6.2,12.6,49.6,59.3,54.9,3.8,6.9,54.9,45.1,2.4,5.7,43.0,--------------------------------------------------------------
Eric Gordon,PHX,34,9,9,100,5.6,12.4,44.6,53.1,50.0,3.4,6.2,55.3,50.0,2.1,6.2,33.9,--------------------------------------------------------------
Dennis Schroder,TOR,30,9,9,100,5.2,12.4,42.0,49.1,61.6,3.4,7.7,44.9,38.4,1.8,4.8,37.2,--------------------------------------------------------------
Bogdan Bogdanovic,ATL,31,9,9,100,5.0,12.0,41.7,53.2,31.5,2.2,3.8,58.7,68.5,2.8,8.2,33.8,--------------------------------------------------------------
De'Andre Hunter,ATL,25,9,9,100,5.0,11.0,45.5,53.0,54.5,3.3,6.0,55.5,45.5,1.7,5.0,33.4,--------------------------------------------------------------
Brandon Miller,CHA,20,9,9,100,4.9,11.0,44.4,49.5,63.6,3.8,7.0,54.0,36.4,1.1,4.0,27.8,--------------------------------------------------------------
Aaron Gordon,DEN,28,9,9,100,6.3,10.4,60.6,63.3,81.9,5.8,8.6,67.5,18.1,0.6,1.9,29.6,--------------------------------------------------------------
Jabari Smith Jr.,HOU,20,9,9,100,5.0,10.3,48.4,57.0,52.7,3.2,5.4,59.2,47.3,1.8,4.9,36.4,--------------------------------------------------------------
Jalen Suggs,ORL,22,9,9,100,3.8,10.3,36.6,42.5,58.1,2.6,6.0,42.7,41.9,1.2,4.3,28.2,--------------------------------------------------------------
Jalen Johnson,ATL,21,9,9,100,5.8,10.0,57.8,62.8,73.3,4.8,7.3,65.2,26.7,1.0,2.7,37.5,--------------------------------------------------------------
Cole Anthony,ORL,23,9,9,100,4.3,10.0,43.3,51.1,58.9,2.8,5.9,47.2,41.1,1.6,4.1,38.0,--------------------------------------------------------------
Deandre Ayton,POR,25,9,9,100,5.7,9.8,58.0,58.0,100,5.7,9.8,58.0,0.0,0.0,0.0,-,--------------------------------------------------------------
Saddiq Bey,ATL,24,9,9,100,4.4,9.6,46.5,56.4,46.5,2.6,4.4,57.7,53.5,1.9,5.1,37.0,--------------------------------------------------------------
Dillon Brooks,HOU,27,9,9,100,4.8,8.7,55.1,65.4,61.5,3.0,5.3,56.3,38.5,1.8,3.3,53.5,--------------------------------------------------------------
Reggie Jackson,DEN,33,9,9,100,3.7,8.2,44.6,50.7,60.8,2.7,5.0,53.4,39.2,1.0,3.2,31.1,--------------------------------------------------------------
Taurean Prince,LAL,29,9,9,100,3.6,8.0,44.4,53.5,44.4,2.1,3.6,59.3,55.6,1.4,4.4,32.4,--------------------------------------------------------------
Corey Kispert,WAS,24,9,9,100,3.4,7.6,45.6,57.4,35.3,1.7,2.7,62.5,64.7,1.8,4.9,36.4,--------------------------------------------------------------
Jakob Poeltl,TOR,28,9,9,100,5.1,7.4,68.7,68.7,100,5.1,7.4,68.7,0.0,0.0,0.0,-,--------------------------------------------------------------
Tre Jones,SAS,23,9,9,100,3.2,7.3,43.9,47.7,69.7,2.7,5.1,52.3,30.3,0.6,2.2,25.2,--------------------------------------------------------------
Clint Capela,ATL,29,9,9,100,4.2,7.2,58.5,58.5,100,4.2,7.2,58.4,0.0,0.0,0.0,-,--------------------------------------------------------------
Moritz Wagner,ORL,26,9,9,100,4.7,7.0,66.7,70.6,76.2,4.1,5.3,77.1,23.8,0.6,1.7,33.5,--------------------------------------------------------------
Kentavious Caldwell-Pope,DEN,30,9,9,100,3.3,6.8,49.2,62.3,45.9,1.6,3.1,50.2,54.1,1.8,3.7,48.5,--------------------------------------------------------------
Draymond Green,GSW,33,9,8,100,3.0,6.2,48.2,56.3,64.3,2.0,4.0,50.0,35.7,1.0,2.2,45.0,--------------------------------------------------------------
Jalen Smith,IND,23,9,9,100,4.3,6.1,70.9,80.0,72.7,3.2,4.4,72.5,27.3,1.1,1.7,66.5,--------------------------------------------------------------
Christian Braun,DEN,22,9,9,100,2.8,6.1,45.5,47.3,76.4,2.6,4.7,54.8,23.6,0.2,1.4,15.3,--------------------------------------------------------------
Toumani Camara,POR,23,9,9,100,2.0,5.9,34.0,40.6,56.6,1.2,3.3,36.6,43.4,0.8,2.6,30.5,--------------------------------------------------------------
Danilo Gallinari,WAS,35,9,9,100,3.0,5.7,52.9,60.8,56.9,2.1,3.2,65.5,43.1,0.9,2.4,36.5,--------------------------------------------------------------
Onyeka Okongwu,ATL,22,9,9,100,3.4,5.6,62.0,64.0,86.0,3.2,4.8,67.4,14.0,0.2,0.8,28.2,--------------------------------------------------------------
MarJon Beauchamp,MIL,23,9,9,100,2.7,5.3,50.0,61.5,47.9,1.4,2.6,56.3,52.1,1.2,2.8,43.9,--------------------------------------------------------------
Jae Crowder,MIL,33,9,9,100,2.8,5.2,53.2,70.2,34.0,1.0,1.8,56.2,66.0,1.8,3.4,51.7,--------------------------------------------------------------
Al Horford,BOS,37,9,9,100,2.0,5.2,38.3,44.7,44.7,1.3,2.3,57.1,55.3,0.7,2.9,23.2,--------------------------------------------------------------
Jae'Sean Tate,HOU,28,9,9,100,2.6,5.1,50.0,60.9,50.0,1.4,2.6,56.3,50.0,1.1,2.6,43.4,--------------------------------------------------------------
Jabari Walker,POR,21,9,9,100,2.3,5.0,46.7,51.1,66.7,1.9,3.3,56.8,33.3,0.4,1.7,26.3,--------------------------------------------------------------
Gradey Dick,TOR,19,9,9,100,1.4,4.4,32.5,41.3,35.0,0.7,1.6,42.9,65.0,0.8,2.9,27.0,--------------------------------------------------------------
Ayo Dosunmu,CHI,23,9,9,100,2.3,4.3,53.8,64.1,56.4,1.4,2.4,59.0,43.6,0.9,1.9,47.1,--------------------------------------------------------------
Matisse Thybulle,POR,26,9,9,100,2.0,4.3,46.2,64.1,10.3,0.4,0.4,100,89.7,1.6,3.9,40.1,--------------------------------------------------------------
Jeff Green,HOU,37,9,9,100,2.4,4.0,61.1,66.7,69.4,2.0,2.8,71.9,30.6,0.4,1.2,36.1,--------------------------------------------------------------
Peyton Watson,DEN,21,9,9,100,2.3,4.0,58.3,63.9,66.7,1.9,2.7,70.8,33.3,0.4,1.3,33.1,--------------------------------------------------------------
Malachi Flynn,TOR,25,9,9,100,1.9,4.0,47.2,59.7,44.4,0.9,1.8,50.0,55.6,1.0,2.2,45.0,--------------------------------------------------------------
Simone Fontecchio,UTA,27,9,9,100,1.8,3.8,47.1,60.3,32.4,0.8,1.2,63.9,67.6,1.0,2.6,39.1,--------------------------------------------------------------
Kris Dunn,UTA,29,9,8,100,1.4,3.6,40.6,45.3,75.0,1.1,2.7,41.6,25.0,0.3,0.9,37.1,--------------------------------------------------------------
Dante Exum,DAL,28,9,8,100,1.7,3.4,48.4,53.2,74.2,1.3,2.6,52.0,25.8,0.3,0.9,37.1,--------------------------------------------------------------
Joe Ingles,ORL,36,9,9,100,1.1,3.2,34.5,46.6,27.6,0.3,0.9,37.1,72.4,0.8,2.3,33.5,--------------------------------------------------------------
Dean Wade,CLE,26,9,8,100,1.1,3.1,35.7,51.8,7.1,0.1,0.2,50.0,92.9,1.0,2.9,34.6,--------------------------------------------------------------
Zeke Nnaji,DEN,22,9,8,100,1.6,3.0,51.9,53.7,81.5,1.4,2.4,59.0,18.5,0.1,0.6,19.6,--------------------------------------------------------------
Aaron Wiggins,OKC,24,9,8,100,1.6,3.0,51.9,57.4,63.0,1.2,1.9,64.6,37.0,0.3,1.1,29.7,--------------------------------------------------------------
Dwight Powell,DAL,32,9,7,100,2.0,2.8,72.0,74.0,96.0,1.9,2.7,70.8,4.0,0.1,0.1,100,--------------------------------------------------------------
P.J. Tucker,LAC,38,9,9,100,0.7,1.9,35.3,50.0,17.6,0.1,0.3,33.3,82.4,0.6,1.6,35.9,--------------------------------------------------------------
Jaxson Hayes,LAL,23,9,6,100,1.0,1.7,60.0,60.0,100,1.0,1.7,59.9,0.0,0.0,0.0,-,--------------------------------------------------------------
Cam Thomas,BKN,22,8,8,100,9.9,20.6,47.9,53.0,67.9,7.8,14.0,55.4,32.1,2.1,6.6,32.1,--------------------------------------------------------------
Brandon Ingram,NOP,26,8,8,100,9.5,19.1,49.7,52.3,75.2,8.5,14.4,59.1,24.8,1.0,4.8,21.1,--------------------------------------------------------------
Tyler Herro,MIA,23,8,8,100,8.5,19.0,44.7,53.0,59.9,5.4,11.4,47.3,40.1,3.1,7.6,41.0,--------------------------------------------------------------
Kyrie Irving,DAL,31,8,8,100,8.3,17.8,46.5,54.2,61.3,5.5,10.9,50.6,38.7,2.8,6.9,40.0,--------------------------------------------------------------
Trae Young,ATL,25,8,8,100,6.0,17.6,34.0,39.4,62.4,4.1,11.0,37.5,37.6,1.9,6.6,28.4,--------------------------------------------------------------
Damian Lillard,MIL,33,8,8,100,5.8,15.6,36.8,44.0,47.2,3.5,7.4,47.4,52.8,2.3,8.3,27.3,--------------------------------------------------------------
Keegan Murray,SAC,23,8,8,100,5.8,13.9,41.4,50.9,38.7,3.1,5.4,58.2,61.3,2.6,8.5,30.9,--------------------------------------------------------------
Kelly Oubre Jr.,PHI,27,8,8,100,5.9,11.8,50.0,57.4,60.6,4.1,7.1,57.9,39.4,1.8,4.6,37.8,--------------------------------------------------------------
Domantas Sabonis,SAC,27,8,8,100,6.4,11.5,55.4,57.1,89.1,6.0,10.3,58.5,10.9,0.4,1.3,30.4,--------------------------------------------------------------
Kevin Huerter,SAC,25,8,8,100,4.5,10.6,42.4,52.9,38.8,2.3,4.1,54.5,61.2,2.3,6.5,34.6,--------------------------------------------------------------
Malik Monk,SAC,25,8,8,100,4.4,10.1,43.2,54.9,44.4,2.0,4.5,44.4,55.6,2.4,5.6,42.3,--------------------------------------------------------------
Bones Hyland,LAC,23,8,8,100,4.4,10.0,43.8,53.1,47.5,2.5,4.8,52.6,52.5,1.9,5.3,35.8,--------------------------------------------------------------
Derrick White,BOS,29,8,8,100,4.4,9.3,47.3,58.8,44.6,2.3,4.1,54.5,55.4,2.1,5.1,41.5,--------------------------------------------------------------
Jalen Duren,DET,19,8,8,100,5.6,9.1,61.6,61.6,98.6,5.6,9.0,62.6,1.4,0.0,0.1,0.0,--------------------------------------------------------------
Khris Middleton,MIL,32,8,8,100,4.4,8.8,50.0,57.1,55.7,3.1,4.9,64.1,44.3,1.3,3.9,32.2,--------------------------------------------------------------
Jaden Ivey,DET,21,8,8,100,4.0,8.0,50.0,57.8,59.4,2.8,4.8,57.9,40.6,1.3,3.3,38.5,--------------------------------------------------------------
Harrison Barnes,SAC,31,8,8,100,3.6,7.9,46.0,56.3,46.0,2.0,3.6,55.1,54.0,1.6,4.3,38.4,--------------------------------------------------------------
Jaden McDaniels,MIN,23,8,8,100,4.1,7.5,55.0,63.3,60.0,2.9,4.5,64.0,40.0,1.3,3.0,41.7,--------------------------------------------------------------
Herbert Jones,NOP,25,8,8,100,3.8,7.4,50.8,57.6,54.2,2.8,4.0,68.8,45.8,1.0,3.4,29.6,--------------------------------------------------------------
Luke Kennard,MEM,27,8,8,100,2.6,7.3,36.2,50.9,20.7,0.5,1.5,33.3,79.3,2.1,5.8,37.0,--------------------------------------------------------------
Jaden Hardy,DAL,21,8,8,100,2.9,7.1,40.4,47.4,54.4,1.9,3.9,48.5,45.6,1.0,3.3,30.8,--------------------------------------------------------------
Josh Richardson,MIA,30,8,8,100,2.8,7.1,38.6,45.6,47.4,1.8,3.4,51.8,52.6,1.0,3.8,26.7,--------------------------------------------------------------
Walker Kessler,UTA,22,8,8,100,3.5,6.4,54.9,56.9,88.2,3.3,5.6,57.7,11.8,0.3,0.8,33.3,--------------------------------------------------------------
Skylar Mays,POR,26,8,8,100,2.4,6.1,38.8,41.8,61.2,2.0,3.8,53.3,38.8,0.4,2.4,16.0,--------------------------------------------------------------
Sasha Vezenkov,SAC,28,8,8,100,2.4,5.4,44.2,57.0,30.2,1.0,1.6,61.3,69.8,1.4,3.8,36.8,--------------------------------------------------------------
Alex Caruso,CHI,29,8,8,100,3.1,5.1,61.0,74.4,43.9,1.8,2.3,77.8,56.1,1.4,2.9,47.9,--------------------------------------------------------------
Chris Duarte,SAC,26,8,8,100,1.4,4.4,31.4,40.0,37.1,0.6,1.6,38.7,62.9,0.8,2.8,27.3,--------------------------------------------------------------
Daniel Gafford,WAS,25,8,8,100,3.3,4.3,76.5,76.5,100,3.3,4.3,76.5,0.0,0.0,0.0,-,--------------------------------------------------------------
Delon Wright,WAS,31,8,8,100,1.4,3.8,36.7,43.3,63.3,0.9,2.4,37.0,36.7,0.5,1.4,36.2,--------------------------------------------------------------
Jacob Gilyard,MEM,25,8,6,100,1.6,3.4,48.1,70.4,7.4,0.1,0.3,52.0,92.6,1.5,3.1,47.9,--------------------------------------------------------------
John Konchar,MEM,27,8,8,100,1.5,3.4,44.4,57.4,40.7,0.6,1.4,45.7,59.3,0.9,2.0,44.0,--------------------------------------------------------------
Seth Curry,DAL,33,8,7,100,0.6,2.5,25.0,30.0,40.0,0.4,1.0,38.0,60.0,0.3,1.5,16.7,--------------------------------------------------------------
Jalen McDaniels,TOR,25,8,7,100,0.3,2.1,11.8,14.7,35.3,0.1,0.8,17.3,64.7,0.1,1.4,9.4,--------------------------------------------------------------
Furkan Korkmaz,PHI,26,8,7,100,0.9,2.0,43.8,53.1,62.5,0.5,1.3,40.0,37.5,0.4,0.8,50.7,--------------------------------------------------------------
Stanley Umude,DET,24,8,6,100,0.9,2.0,43.8,59.4,37.5,0.3,0.8,33.3,62.5,0.6,1.3,50.4,--------------------------------------------------------------
Luke Kornet,BOS,28,8,6,100,1.4,1.9,73.3,73.3,100,1.4,1.9,73.4,0.0,0.0,0.0,-,--------------------------------------------------------------
Trayce Jackson-Davis,GSW,23,8,5,100,1.0,1.9,53.3,53.3,100,1.0,1.9,53.2,0.0,0.0,0.0,-,--------------------------------------------------------------
Tristan Thompson,CLE,32,8,5,100,1.0,1.4,72.7,72.7,100,1.0,1.4,72.5,0.0,0.0,0.0,-,--------------------------------------------------------------
Cody Zeller,NOP,31,8,6,100,0.3,1.3,20.0,20.0,100,0.3,1.3,20.0,0.0,0.0,0.0,-,--------------------------------------------------------------
Malcolm Brogdon,POR,30,7,7,100,6.7,16.9,39.8,46.2,61.9,4.6,10.4,43.8,38.1,2.1,6.4,33.3,--------------------------------------------------------------
RJ Barrett,NYK,23,7,7,100,7.9,16.1,48.7,57.5,64.6,5.0,10.4,47.9,35.4,2.9,5.7,50.1,--------------------------------------------------------------
OG Anunoby,TOR,26,7,7,100,5.9,11.6,50.6,62.3,40.7,3.1,4.7,66.7,59.3,2.7,6.9,39.5,--------------------------------------------------------------
Gary Trent Jr.,TOR,24,7,7,100,3.4,10.1,33.8,41.5,52.1,1.9,5.3,35.2,47.9,1.6,4.9,32.3,--------------------------------------------------------------
Xavier Tillman,MEM,24,7,7,100,3.9,9.1,42.2,47.7,68.8,2.9,6.3,45.5,31.3,1.0,2.9,35.0,--------------------------------------------------------------
Rui Hachimura,LAL,25,7,7,100,5.0,8.4,59.3,67.8,64.4,3.6,5.4,65.7,35.6,1.4,3.0,47.7,--------------------------------------------------------------
Haywood Highsmith,MIA,26,7,7,100,3.0,6.7,44.7,55.3,38.3,1.6,2.6,61.1,61.7,1.4,4.1,34.5,--------------------------------------------------------------
Keita Bates-Diop,PHX,27,7,7,100,2.6,6.0,42.9,50.0,57.1,1.7,3.4,49.9,42.9,0.9,2.6,33.5,--------------------------------------------------------------
Davion Mitchell,SAC,25,7,7,100,1.9,6.0,31.0,39.3,38.1,0.9,2.3,37.6,61.9,1.0,3.7,27.0,--------------------------------------------------------------
T.J. McConnell,IND,31,7,7,100,3.1,5.3,59.5,59.5,91.9,3.1,4.9,64.6,8.1,0.0,0.4,0.0,--------------------------------------------------------------
JaVale McGee,SAC,35,7,7,100,3.1,5.0,62.9,62.9,97.1,3.1,4.9,64.6,2.9,0.0,0.1,0.0,--------------------------------------------------------------
Aaron Holiday,HOU,27,7,7,100,2.0,4.9,41.2,48.5,55.9,1.3,2.7,47.6,44.1,0.7,2.1,33.2,--------------------------------------------------------------
Dru Smith,MIA,25,7,6,100,2.1,4.6,46.9,57.8,50.0,1.1,2.3,49.8,50.0,1.0,2.3,43.7,--------------------------------------------------------------
Chris Boucher,TOR,30,7,7,100,2.0,4.6,43.8,48.4,68.8,1.6,3.1,50.0,31.3,0.4,1.4,30.1,--------------------------------------------------------------
Jonathan Isaac,ORL,26,7,7,100,1.4,4.6,31.3,39.1,37.5,0.7,1.7,41.5,62.5,0.7,2.9,24.8,--------------------------------------------------------------
Max Christie,LAL,20,7,6,100,1.3,4.0,32.1,35.7,60.7,1.0,2.4,41.2,39.3,0.3,1.6,18.5,--------------------------------------------------------------
Anthony Black,ORL,19,7,6,100,2.1,3.7,57.7,65.4,57.7,1.6,2.1,73.4,42.3,0.6,1.6,36.3,--------------------------------------------------------------
Goga Bitadze,ORL,24,7,5,100,2.1,3.6,60.0,60.0,88.0,2.1,3.1,68.2,12.0,0.0,0.4,0.0,--------------------------------------------------------------
Joe Harris,DET,32,7,7,100,1.3,3.6,36.0,48.0,24.0,0.4,0.9,50.0,76.0,0.9,2.7,31.7,--------------------------------------------------------------
Nicolas Batum,PHI,34,7,6,100,1.9,3.3,56.5,78.3,13.0,0.4,0.4,100,87.0,1.4,2.9,50.0,--------------------------------------------------------------
Kenneth Lofton Jr.,MEM,21,7,6,100,1.0,2.6,38.9,44.4,72.2,0.7,1.9,38.2,27.8,0.3,0.7,40.8,--------------------------------------------------------------
Jock Landale,HOU,28,7,6,100,0.7,2.6,27.8,33.3,50.0,0.4,1.3,33.3,50.0,0.3,1.3,22.5,--------------------------------------------------------------
Miles McBride,NYK,23,7,6,100,0.6,1.6,36.4,45.5,18.2,0.3,0.3,100,81.8,0.3,1.3,22.5,--------------------------------------------------------------
Omer Yurtseven,UTA,25,7,5,100,1.0,1.4,70.0,75.0,70.0,0.9,1.0,86.0,30.0,0.1,0.4,32.6,--------------------------------------------------------------
Troy Brown Jr.,MIN,24,7,5,100,0.4,1.4,30.0,30.0,50.0,0.4,0.7,60.6,50.0,0.0,0.7,0.0,--------------------------------------------------------------
CJ McCollum,NOP,32,6,6,100,7.3,16.7,44.0,53.5,50.0,4.2,8.3,50.1,50.0,3.2,8.3,38.1,--------------------------------------------------------------
Jamal Murray,DEN,26,6,6,100,6.8,15.7,43.6,51.1,66.0,4.5,10.3,43.6,34.0,2.3,5.3,43.7,--------------------------------------------------------------
Darius Garland,CLE,23,6,6,100,5.8,13.0,44.9,50.0,64.1,4.5,8.3,54.0,35.9,1.3,4.7,28.5,--------------------------------------------------------------
Alec Burks,DET,32,6,6,100,4.0,9.7,41.4,58.6,29.3,0.7,2.8,23.7,70.7,3.3,6.8,48.8,--------------------------------------------------------------
Isaac Okoro,CLE,22,6,6,100,3.5,7.2,48.8,55.8,65.1,2.5,4.7,53.5,34.9,1.0,2.5,40.0,--------------------------------------------------------------
Kevin Love,MIA,35,6,6,100,2.2,6.5,33.3,44.9,23.1,0.7,1.5,44.7,76.9,1.5,5.0,30.0,--------------------------------------------------------------
Ben Simmons,BKN,27,6,6,100,3.2,6.0,52.8,52.8,100,3.2,6.0,52.8,0.0,0.0,0.0,-,--------------------------------------------------------------
Landry Shamet,WAS,26,6,6,100,2.8,5.8,48.6,61.4,31.4,1.3,1.8,72.7,68.6,1.5,4.0,37.5,--------------------------------------------------------------
Julian Strawther,DEN,21,6,6,100,2.5,5.5,45.5,57.6,33.3,1.2,1.8,63.9,66.7,1.3,3.7,36.2,--------------------------------------------------------------
Brandin Podziemski,GSW,20,6,5,100,2.5,5.3,46.9,54.7,62.5,1.7,3.3,50.2,37.5,0.8,2.0,41.5,--------------------------------------------------------------
Julian Champagnie,SAS,22,6,6,100,1.3,5.3,25.0,31.3,46.9,0.7,2.5,26.8,53.1,0.7,2.8,23.7,--------------------------------------------------------------
Bismack Biyombo,MEM,31,6,5,100,2.8,5.2,54.8,54.8,100,2.8,5.2,54.7,0.0,0.0,0.0,-,--------------------------------------------------------------
Robert Williams III,POR,26,6,6,100,2.8,4.3,65.4,65.4,100,2.8,4.3,65.4,0.0,0.0,0.0,-,--------------------------------------------------------------
Jaylin Williams,OKC,21,6,6,100,1.3,3.8,34.8,43.5,34.8,0.7,1.3,50.4,65.2,0.7,2.5,26.8,--------------------------------------------------------------
Eugene Omoruyi,WAS,26,6,6,100,2.2,3.2,68.4,73.7,73.7,1.8,2.3,78.5,26.3,0.3,0.8,39.8,--------------------------------------------------------------
Mason Plumlee,LAC,33,6,6,100,2.0,3.2,63.2,63.2,100,2.0,3.2,63.1,0.0,0.0,0.0,-,--------------------------------------------------------------
Ryan Rollins,WAS,21,6,6,100,1.3,2.8,47.1,50.0,88.2,1.2,2.5,46.8,11.8,0.2,0.3,51.5,--------------------------------------------------------------
Colby Jones,SAC,21,6,3,100,1.3,2.8,47.1,50.0,76.5,1.2,2.2,53.9,23.5,0.2,0.7,25.4,--------------------------------------------------------------
Oshae Brissett,BOS,25,6,5,100,0.5,2.8,17.6,20.6,47.1,0.3,1.3,24.8,52.9,0.2,1.5,11.3,--------------------------------------------------------------
Mike Muscala,WAS,32,6,5,100,1.0,2.7,37.5,43.8,50.0,0.7,1.3,50.4,50.0,0.3,1.3,24.8,--------------------------------------------------------------
AJ Griffin,ATL,20,6,6,100,1.2,2.5,46.7,66.7,13.3,0.2,0.3,51.5,86.7,1.0,2.2,46.1,--------------------------------------------------------------
Moussa Diabate,LAC,21,6,5,100,1.3,2.3,57.1,57.1,100,1.3,2.3,57.1,0.0,0.0,0.0,-,--------------------------------------------------------------
Kobe Brown,LAC,23,6,6,100,1.2,2.3,50.0,60.7,42.9,0.7,1.0,67.0,57.1,0.5,1.3,37.6,--------------------------------------------------------------
Jaden Springer,PHI,21,6,6,100,0.5,2.3,21.4,21.4,78.6,0.5,1.8,27.3,21.4,0.0,0.5,0.0,--------------------------------------------------------------
KJ Martin,PHI,22,6,3,100,0.7,1.8,36.4,40.9,54.5,0.5,1.0,50.0,45.5,0.2,0.8,20.5,--------------------------------------------------------------
Andre Jackson Jr.,MIL,22,6,4,100,0.8,1.5,55.6,61.1,44.4,0.7,0.7,100,55.6,0.2,0.8,20.5,--------------------------------------------------------------
Kessler Edwards,SAC,23,6,2,100,0.2,0.8,20.0,30.0,40.0,0.0,0.3,0.0,60.0,0.2,0.5,34.0,--------------------------------------------------------------
Damian Jones,CLE,28,6,2,100,0.5,0.5,100,100,100,0.5,0.5,100,0.0,0.0,0.0,-,--------------------------------------------------------------
Terry Rozier,CHA,29,5,5,100,8.4,18.0,46.7,51.1,65.6,6.8,11.8,57.6,34.4,1.6,6.2,25.8,--------------------------------------------------------------
Scoot Henderson,POR,19,5,5,100,3.6,10.4,34.6,36.5,59.6,3.2,6.2,51.6,40.4,0.4,4.2,9.5,--------------------------------------------------------------
James Harden,LAC,34,5,5,100,4.8,10.2,47.1,56.9,47.1,2.8,4.8,58.3,52.9,2.0,5.4,37.0,--------------------------------------------------------------
Santi Aldama,MEM,22,5,5,100,4.6,9.6,47.9,56.3,58.3,3.0,5.6,53.6,41.7,1.6,4.0,40.0,--------------------------------------------------------------
Wendell Carter Jr.,ORL,24,5,5,100,3.4,9.0,37.8,43.3,64.4,2.4,5.8,41.4,35.6,1.0,3.2,31.3,--------------------------------------------------------------
Precious Achiuwa,TOR,24,5,5,100,2.8,7.0,40.0,41.4,77.1,2.6,5.4,48.1,22.9,0.2,1.6,12.5,--------------------------------------------------------------
Jarrett Allen,CLE,25,5,5,100,4.0,6.2,64.5,64.5,100,4.0,6.2,64.5,0.0,0.0,0.0,-,--------------------------------------------------------------
Gary Harris,ORL,29,5,5,100,3.0,5.2,57.7,75.0,30.8,1.2,1.6,75.0,69.2,1.8,3.6,50.0,--------------------------------------------------------------
Trendon Watford,BKN,23,5,4,100,2.8,5.2,53.8,57.7,80.8,2.4,4.2,57.1,19.2,0.4,1.0,40.0,--------------------------------------------------------------
Johnny Davis,WAS,21,5,4,100,2.4,4.6,52.2,54.3,91.3,2.2,4.2,52.4,8.7,0.2,0.4,50.0,--------------------------------------------------------------
James Wiseman,DET,22,5,5,100,2.6,4.4,59.1,59.1,95.5,2.6,4.2,61.9,4.5,0.0,0.2,0.0,--------------------------------------------------------------
Jake LaRavia,MEM,22,5,5,100,1.4,4.0,35.0,40.0,40.0,1.0,1.6,62.5,60.0,0.4,2.4,16.7,--------------------------------------------------------------
Keon Ellis,SAC,23,5,4,100,1.6,3.8,42.1,55.3,15.8,0.6,0.6,100,84.2,1.0,3.2,31.3,--------------------------------------------------------------
Isaiah Jackson,IND,21,5,5,100,1.8,3.4,52.9,52.9,100,1.8,3.4,52.9,0.0,0.0,0.0,-,--------------------------------------------------------------
Craig Porter,CLE,23,5,3,100,1.2,2.8,42.9,42.9,92.9,1.2,2.6,46.2,7.1,0.0,0.2,0.0,--------------------------------------------------------------
Bryce McGowens,CHA,21,5,4,100,1.2,2.8,42.9,53.6,35.7,0.6,1.0,60.0,64.3,0.6,1.8,33.3,--------------------------------------------------------------
Nassir Little,PHX,23,5,4,100,1.2,2.8,42.9,53.6,28.6,0.6,0.8,75.0,71.4,0.6,2.0,30.0,--------------------------------------------------------------
Anthony Gill,WAS,31,5,5,100,1.2,2.6,46.2,46.2,92.3,1.2,2.4,50.0,7.7,0.0,0.2,0.0,--------------------------------------------------------------
Dereon Seabron,NOP,23,5,4,100,0.8,2.6,30.8,34.6,84.6,0.6,2.2,27.3,15.4,0.2,0.4,50.0,--------------------------------------------------------------
Svi Mykhailiuk,BOS,26,5,4,100,0.6,2.2,27.3,36.4,18.2,0.2,0.4,50.0,81.8,0.4,1.8,22.2,--------------------------------------------------------------
Luka Samanic,UTA,23,5,4,100,1.0,2.0,50.0,60.0,50.0,0.6,1.0,60.0,50.0,0.4,1.0,40.0,--------------------------------------------------------------
Caleb Houstan,ORL,20,5,4,100,1.0,2.0,50.0,70.0,10.0,0.2,0.2,100,90.0,0.8,1.8,44.4,--------------------------------------------------------------
Jared Rhoden,DET,24,5,3,100,1.0,1.8,55.6,61.1,55.6,0.8,1.0,80.0,44.4,0.2,0.8,25.0,--------------------------------------------------------------
Cory Joseph,GSW,32,5,3,100,0.6,1.8,33.3,50.0,33.3,0.0,0.6,0.0,66.7,0.6,1.2,50.0,--------------------------------------------------------------
Danuel House Jr.,PHI,30,5,4,100,0.8,1.6,50.0,56.3,50.0,0.6,0.8,75.0,50.0,0.2,0.8,25.0,--------------------------------------------------------------
Reggie Bullock Jr.,HOU,32,5,5,100,0.4,1.6,25.0,37.5,12.5,0.0,0.2,0.0,87.5,0.4,1.4,28.6,--------------------------------------------------------------
Amir Coffey,LAC,26,5,3,100,0.4,1.6,25.0,25.0,75.0,0.4,1.2,33.3,25.0,0.0,0.4,0.0,--------------------------------------------------------------
Josh Minott,MIN,20,5,5,100,0.6,1.2,50.0,50.0,66.7,0.6,0.8,75.0,33.3,0.0,0.4,0.0,--------------------------------------------------------------
Lindy Waters III,OKC,26,5,3,100,0.4,1.2,33.3,50.0,0.0,0.0,0.0,-,100,0.4,1.2,33.3,--------------------------------------------------------------
Alex Len,SAC,30,5,3,100,0.4,0.8,50.0,50.0,75.0,0.4,0.6,66.7,25.0,0.0,0.2,0.0,--------------------------------------------------------------
Jordan McLaughlin,MIN,27,5,2,100,0.2,0.8,25.0,37.5,50.0,0.0,0.4,0.0,50.0,0.2,0.4,50.0,--------------------------------------------------------------
Jericho Sims,NYK,25,5,2,100,0.2,0.4,50.0,50.0,100,0.2,0.4,50.0,0.0,0.0,0.0,-,--------------------------------------------------------------
De'Aaron Fox,SAC,25,4,4,100,11.3,22.5,50.0,56.1,66.7,8.5,15.0,56.7,33.3,2.8,7.5,36.7,--------------------------------------------------------------
Cameron Johnson,BKN,27,4,4,100,5.3,12.5,42.0,51.0,44.0,3.0,5.5,54.5,56.0,2.3,7.0,32.1,--------------------------------------------------------------
Markelle Fultz,ORL,25,4,4,100,5.5,11.0,50.0,50.0,93.2,5.5,10.3,53.7,6.8,0.0,0.8,0.0,--------------------------------------------------------------
Derrick Rose,MEM,35,4,4,100,3.0,9.3,32.4,39.2,73.0,1.8,6.8,25.9,27.0,1.3,2.5,50.0,--------------------------------------------------------------
Gabe Vincent,LAL,27,4,4,100,2.8,7.0,39.3,41.1,50.0,2.5,3.5,71.4,50.0,0.3,3.5,7.1,--------------------------------------------------------------
Amen Thompson,HOU,20,4,4,100,2.3,5.5,40.9,45.5,50.0,1.8,2.8,63.6,50.0,0.5,2.8,18.2,--------------------------------------------------------------
Jeremiah Robinson-Earl,NOP,23,4,4,100,2.5,4.5,55.6,72.2,50.0,1.0,2.3,44.4,50.0,1.5,2.3,66.7,--------------------------------------------------------------
Terance Mann,LAC,27,4,4,100,2.0,4.5,44.4,50.0,55.6,1.5,2.5,60.0,44.4,0.5,2.0,25.0,--------------------------------------------------------------
Otto Porter Jr.,TOR,30,4,4,100,1.8,4.0,43.8,59.4,31.3,0.5,1.3,40.0,68.8,1.3,2.8,45.5,--------------------------------------------------------------
Maxi Kleber,DAL,31,4,4,100,1.0,4.0,25.0,34.4,43.8,0.3,1.8,14.3,56.3,0.8,2.3,33.3,--------------------------------------------------------------
Vasilije Micic,OKC,29,4,4,100,1.5,3.3,46.2,61.5,38.5,0.5,1.3,40.0,61.5,1.0,2.0,50.0,--------------------------------------------------------------
Collin Gillespie,DEN,24,4,3,100,1.3,3.0,41.7,45.8,50.0,1.0,1.5,66.7,50.0,0.3,1.5,16.7,--------------------------------------------------------------
Tre Mann,OKC,22,4,2,100,1.8,2.8,63.6,72.7,54.5,1.3,1.5,83.3,45.5,0.5,1.3,40.0,--------------------------------------------------------------
AJ Green,MIL,24,4,4,100,1.0,2.5,40.0,55.0,20.0,0.3,0.5,50.0,80.0,0.8,2.0,37.5,--------------------------------------------------------------
Nick Smith Jr.,CHA,19,4,3,100,1.0,2.5,40.0,55.0,40.0,0.3,1.0,25.0,60.0,0.8,1.5,50.0,--------------------------------------------------------------
Dalano Banton,BOS,24,4,4,100,1.3,2.3,55.6,55.6,77.8,1.3,1.8,71.4,22.2,0.0,0.5,0.0,--------------------------------------------------------------
Olivier-Maxence Prosper,DAL,21,4,4,100,0.8,2.0,37.5,43.8,50.0,0.5,1.0,50.0,50.0,0.3,1.0,25.0,--------------------------------------------------------------
Vince Williams Jr.,MEM,23,4,3,100,0.5,2.0,25.0,31.3,12.5,0.3,0.3,100,87.5,0.3,1.8,14.3,--------------------------------------------------------------
Jett Howard,ORL,20,4,4,100,0.3,2.0,12.5,12.5,25.0,0.3,0.5,50.0,75.0,0.0,1.5,0.0,--------------------------------------------------------------
Jalen Pickett,DEN,24,4,4,100,1.3,1.8,71.4,85.7,42.9,0.8,0.8,100,57.1,0.5,1.0,50.0,--------------------------------------------------------------
Ish Smith,CHA,35,4,2,100,0.8,1.8,42.9,42.9,100,0.8,1.8,42.9,0.0,0.0,0.0,-,--------------------------------------------------------------
Sam Merrill,CLE,27,4,3,100,0.5,1.8,28.6,42.9,14.3,0.0,0.3,0.0,85.7,0.5,1.5,33.3,--------------------------------------------------------------
DaQuan Jeffries,NYK,26,4,4,100,0.8,1.3,60.0,70.0,40.0,0.5,0.5,100,60.0,0.3,0.8,33.3,--------------------------------------------------------------
Dominick Barlow,SAS,20,4,2,100,0.5,1.3,40.0,40.0,100,0.5,1.3,40.0,0.0,0.0,0.0,-,--------------------------------------------------------------
Jordan Ford,SAC,25,4,3,100,0.5,1.3,40.0,50.0,60.0,0.3,0.8,33.3,40.0,0.3,0.5,50.0,--------------------------------------------------------------
Aleksej Pokusevski,OKC,21,4,4,100,0.0,1.3,0.0,0.0,0.0,0.0,0.0,-,100,0.0,1.3,0.0,--------------------------------------------------------------
Chimezie Metu,PHX,26,4,3,100,0.3,1.0,25.0,25.0,50.0,0.3,0.5,50.0,50.0,0.0,0.5,0.0,--------------------------------------------------------------
Braxton Key,DEN,26,4,2,100,0.3,1.0,25.0,25.0,75.0,0.3,0.8,33.3,25.0,0.0,0.3,0.0,--------------------------------------------------------------
Chuma Okeke,ORL,25,4,3,100,0.3,0.8,33.3,33.3,33.3,0.3,0.3,100,66.7,0.0,0.5,0.0,--------------------------------------------------------------
Maxwell Lewis,LAL,21,4,2,100,0.0,0.8,0.0,0.0,100,0.0,0.8,0.0,0.0,0.0,0.0,-,--------------------------------------------------------------
Mo Bamba,PHI,25,4,1,100,0.0,0.5,0.0,0.0,100,0.0,0.5,0.0,0.0,0.0,0.0,-,--------------------------------------------------------------
Olivier Sarr,OKC,24,4,1,100,0.3,0.3,100,100,100,0.3,0.3,100,0.0,0.0,0.0,-,--------------------------------------------------------------
Kris Murray,POR,23,4,1,100,0.0,0.3,0.0,0.0,0.0,0.0,0.0,-,100,0.0,0.3,0.0,--------------------------------------------------------------
Bradley Beal,PHX,30,3,3,100,6.0,15.7,38.3,43.6,68.1,4.3,10.7,40.6,31.9,1.7,5.0,33.4,--------------------------------------------------------------
Nic Claxton,BKN,24,3,3,100,3.7,7.3,50.0,50.0,100,3.7,7.3,50.1,0.0,0.0,0.0,-,--------------------------------------------------------------
Tari Eason,HOU,22,3,3,100,2.7,7.3,36.4,43.2,68.2,1.7,5.0,33.4,31.8,1.0,2.3,42.9,--------------------------------------------------------------
Jordan Nwora,IND,25,3,3,100,2.0,6.0,33.3,38.9,55.6,1.3,3.3,39.9,44.4,0.7,2.7,25.1,--------------------------------------------------------------
Armoni Brooks,BKN,25,3,2,100,2.0,4.0,50.0,70.8,25.0,0.3,1.0,33.0,75.0,1.7,3.0,55.7,--------------------------------------------------------------
Ben Sheppard,IND,22,3,3,100,1.7,4.0,41.7,54.2,33.3,0.7,1.3,50.4,66.7,1.0,2.7,37.5,--------------------------------------------------------------
Jarace Walker,IND,20,3,3,100,1.3,4.0,33.3,33.3,83.3,1.3,3.3,39.9,16.7,0.0,0.7,0.0,--------------------------------------------------------------
Boban Marjanovic,HOU,35,3,3,100,1.7,3.0,55.6,55.6,88.9,1.7,2.7,62.5,11.1,0.0,0.3,0.0,--------------------------------------------------------------
Jamal Cain,MIA,24,3,2,100,1.3,3.0,44.4,44.4,55.6,1.3,1.7,79.6,44.4,0.0,1.3,0.0,--------------------------------------------------------------
Emoni Bates,CLE,19,3,2,100,1.0,3.0,33.3,44.4,33.3,0.3,1.0,33.0,66.7,0.7,2.0,33.5,--------------------------------------------------------------
Cam Whitmore,HOU,19,3,2,100,1.0,3.0,33.3,33.3,66.7,1.0,2.0,50.0,33.3,0.0,1.0,0.0,--------------------------------------------------------------
Blake Wesley,SAS,20,3,3,100,1.0,2.7,37.5,37.5,87.5,1.0,2.3,42.9,12.5,0.0,0.3,0.0,--------------------------------------------------------------
Lamar Stevens,BOS,26,3,3,100,1.3,2.3,57.1,64.3,85.7,1.0,2.0,50.0,14.3,0.3,0.3,100,--------------------------------------------------------------
Saben Lee,PHX,24,3,3,100,1.0,2.0,50.0,50.0,83.3,1.0,1.7,59.9,16.7,0.0,0.3,0.0,--------------------------------------------------------------
Dalen Terry,CHI,21,3,3,100,0.7,2.0,33.3,41.7,50.0,0.3,1.0,33.0,50.0,0.3,1.0,33.0,--------------------------------------------------------------
Marcus Morris Sr.,PHI,34,3,2,100,0.7,2.0,33.3,33.3,66.7,0.7,1.3,50.4,33.3,0.0,0.7,0.0,--------------------------------------------------------------
Leaky Black,CHA,24,3,3,100,0.7,1.7,40.0,50.0,60.0,0.3,1.0,33.0,40.0,0.3,0.7,49.3,--------------------------------------------------------------
Sandro Mamukelashvili,SAS,24,3,2,100,0.7,1.7,40.0,40.0,40.0,0.7,0.7,100,60.0,0.0,1.0,0.0,--------------------------------------------------------------
Davis Bertans,OKC,31,3,2,100,0.3,1.7,20.0,30.0,0.0,0.0,0.0,-,100,0.3,1.7,19.8,--------------------------------------------------------------
E.J. Liddell,NOP,22,3,2,100,0.3,1.3,25.0,25.0,25.0,0.3,0.3,100,75.0,0.0,1.0,0.0,--------------------------------------------------------------
Garrett Temple,TOR,37,3,2,100,0.7,1.0,66.7,66.7,100,0.7,1.0,67.0,0.0,0.0,0.0,-,--------------------------------------------------------------
Jermaine Samuels Jr.,HOU,25,3,2,100,0.7,1.0,66.7,66.7,66.7,0.7,0.7,100,33.3,0.0,0.3,0.0,--------------------------------------------------------------
Garrison Mathews,ATL,27,3,2,100,0.3,1.0,33.3,50.0,0.0,0.0,0.0,-,100,0.3,1.0,33.0,--------------------------------------------------------------
Rayan Rupert,POR,19,3,2,100,0.0,1.0,0.0,0.0,66.7,0.0,0.7,0.0,33.3,0.0,0.3,0.0,--------------------------------------------------------------
Dylan Windler,NYK,27,3,2,100,0.3,0.7,50.0,75.0,0.0,0.0,0.0,-,100,0.3,0.7,49.3,--------------------------------------------------------------
Thanasis Antetokounmpo,MIL,31,3,2,100,0.3,0.7,50.0,50.0,100,0.3,0.7,49.3,0.0,0.0,0.0,-,--------------------------------------------------------------
Hunter Tyson,DEN,23,3,1,100,0.3,0.7,50.0,50.0,50.0,0.3,0.3,100,50.0,0.0,0.3,0.0,--------------------------------------------------------------
Justin Holiday,DEN,34,3,1,100,0.3,0.7,50.0,75.0,0.0,0.0,0.0,-,100,0.3,0.7,49.3,--------------------------------------------------------------
Bol Bol,PHX,24,3,1,100,0.3,0.3,100,100,100,0.3,0.3,100,0.0,0.0,0.0,-,--------------------------------------------------------------
Daishen Nix,MIN,21,3,1,100,0.3,0.3,100,100,100,0.3,0.3,100,0.0,0.0,0.0,-,--------------------------------------------------------------
Ryan Arcidiacono,NYK,29,3,1,100,0.0,0.3,0.0,0.0,0.0,0.0,0.0,-,100,0.0,0.3,0.0,--------------------------------------------------------------
Julian Phillips,CHI,20,3,1,100,0.0,0.3,0.0,0.0,0.0,0.0,0.0,-,100,0.0,0.3,0.0,--------------------------------------------------------------
Devin Booker,PHX,27,2,2,100,11.5,20.0,57.5,67.5,62.5,7.5,12.5,60.0,37.5,4.0,7.5,53.3,--------------------------------------------------------------
Kevin Knox II,DET,24,2,2,100,6.0,8.0,75.0,93.8,43.8,3.0,3.5,85.7,56.3,3.0,4.5,66.7,--------------------------------------------------------------
Duop Reath,POR,27,2,2,100,2.0,7.0,28.6,39.3,21.4,0.5,1.5,33.3,78.6,1.5,5.5,27.3,--------------------------------------------------------------
Naji Marshall,NOP,25,2,2,100,3.5,6.0,58.3,66.7,58.3,2.5,3.5,71.4,41.7,1.0,2.5,40.0,--------------------------------------------------------------
Jamaree Bouyea,POR,24,2,2,100,1.5,5.5,27.3,27.3,72.7,1.5,4.0,37.5,27.3,0.0,1.5,0.0,--------------------------------------------------------------
Orlando Robinson,MIA,23,2,2,100,2.0,4.5,44.4,50.0,88.9,1.5,4.0,37.5,11.1,0.5,0.5,100,--------------------------------------------------------------
Nikola Jovic,MIA,20,2,2,100,2.0,4.0,50.0,68.8,37.5,0.5,1.5,33.3,62.5,1.5,2.5,60.0,--------------------------------------------------------------
Nate Williams,HOU,24,2,2,100,2.0,3.5,57.1,57.1,71.4,2.0,2.5,80.0,28.6,0.0,1.0,0.0,--------------------------------------------------------------
Richaun Holmes,DAL,30,2,2,100,2.0,3.5,57.1,57.1,100,2.0,3.5,57.1,0.0,0.0,0.0,-,--------------------------------------------------------------
Luka Garza,MIN,24,2,2,100,1.5,2.5,60.0,60.0,100,1.5,2.5,60.0,0.0,0.0,0.0,-,--------------------------------------------------------------
Devonte' Graham,SAS,28,2,2,100,0.5,2.5,20.0,20.0,40.0,0.5,1.0,50.0,60.0,0.0,1.5,0.0,--------------------------------------------------------------
D'Moi Hodge,LAL,24,2,2,100,0.5,2.5,20.0,20.0,20.0,0.5,0.5,100,80.0,0.0,2.0,0.0,--------------------------------------------------------------
Colin Castleton,LAL,23,2,2,100,1.0,2.0,50.0,50.0,100,1.0,2.0,50.0,0.0,0.0,0.0,-,--------------------------------------------------------------
Ty Jerome,CLE,26,2,2,100,1.0,2.0,50.0,50.0,75.0,1.0,1.5,66.7,25.0,0.0,0.5,0.0,--------------------------------------------------------------
Nate Hinton,HOU,24,2,1,100,1.0,2.0,50.0,75.0,50.0,0.0,1.0,0.0,50.0,1.0,1.0,100,--------------------------------------------------------------
Jared Butler,WAS,23,2,2,100,0.5,2.0,25.0,37.5,25.0,0.0,0.5,0.0,75.0,0.5,1.5,33.3,--------------------------------------------------------------
Jordan Miller,LAC,23,2,2,100,1.0,1.5,66.7,83.3,66.7,0.5,1.0,50.0,33.3,0.5,0.5,100,--------------------------------------------------------------
Thaddeus Young,TOR,35,2,1,100,1.0,1.5,66.7,66.7,100,1.0,1.5,66.7,0.0,0.0,0.0,-,--------------------------------------------------------------
Kobe Bufkin,ATL,20,2,2,100,0.0,1.5,0.0,0.0,66.7,0.0,1.0,0.0,33.3,0.0,0.5,0.0,--------------------------------------------------------------
Chris Livingston,MIL,20,2,1,100,1.0,1.0,100,125.0,50.0,0.5,0.5,100,50.0,0.5,0.5,100,--------------------------------------------------------------
Danny Green,PHI,36,2,2,100,0.0,1.0,0.0,0.0,50.0,0.0,0.5,0.0,50.0,0.0,0.5,0.0,--------------------------------------------------------------
Patrick Baldwin Jr.,WAS,20,2,2,100,0.0,1.0,0.0,0.0,50.0,0.0,0.5,0.0,50.0,0.0,0.5,0.0,--------------------------------------------------------------
Udoka Azubuike,PHX,24,2,1,100,0.5,0.5,100,100,100,0.5,0.5,100,0.0,0.0,0.0,-,--------------------------------------------------------------
Jalen Wilson,BKN,23,2,1,100,0.0,0.5,0.0,0.0,100,0.0,0.5,0.0,0.0,0.0,0.0,-,--------------------------------------------------------------
Mouhamed Gueye,ATL,21,2,1,100,0.0,0.5,0.0,0.0,0.0,0.0,0.0,-,100,0.0,0.5,0.0,--------------------------------------------------------------
Bruno Fernando,ATL,25,2,1,100,0.0,0.5,0.0,0.0,0.0,0.0,0.0,-,100,0.0,0.5,0.0,--------------------------------------------------------------
Trent Forrest,ATL,25,2,1,100,0.0,0.5,0.0,0.0,100,0.0,0.5,0.0,0.0,0.0,0.0,-,--------------------------------------------------------------
Anfernee Simons,POR,24,1,1,100,6.0,14.0,42.9,50.0,57.1,4.0,8.0,50.0,42.9,2.0,6.0,33.3,--------------------------------------------------------------
Kenrich Williams,OKC,28,1,1,100,4.0,7.0,57.1,64.3,57.1,3.0,4.0,75.0,42.9,1.0,3.0,33.3,--------------------------------------------------------------
Caleb Martin,MIA,28,1,1,100,1.0,7.0,14.3,14.3,57.1,1.0,4.0,25.0,42.9,0.0,3.0,0.0,--------------------------------------------------------------
Admiral Schofield,ORL,26,1,1,100,2.0,4.0,50.0,62.5,25.0,1.0,1.0,100,75.0,1.0,3.0,33.3,--------------------------------------------------------------
Daniel Theis,IND,31,1,1,100,1.0,4.0,25.0,25.0,75.0,1.0,3.0,33.3,25.0,0.0,1.0,0.0,--------------------------------------------------------------
Kaiser Gates,NOP,27,1,1,100,0.0,4.0,0.0,0.0,50.0,0.0,2.0,0.0,50.0,0.0,2.0,0.0,--------------------------------------------------------------
Harry Giles III,BKN,25,1,1,100,3.0,3.0,100,116.7,66.7,2.0,2.0,100,33.3,1.0,1.0,100,--------------------------------------------------------------
Lester Quinones,GSW,22,1,1,100,2.0,3.0,66.7,83.3,33.3,1.0,1.0,100,66.7,1.0,2.0,50.0,--------------------------------------------------------------
Amari Bailey,CHA,19,1,1,100,1.0,3.0,33.3,33.3,100,1.0,3.0,33.3,0.0,0.0,0.0,-,--------------------------------------------------------------
Wesley Matthews,ATL,37,1,1,100,2.0,2.0,100,150.0,0.0,0.0,0.0,-,100,2.0,2.0,100,--------------------------------------------------------------
TyTy Washington Jr.,MIL,22,1,1,100,1.0,2.0,50.0,75.0,50.0,0.0,1.0,0.0,50.0,1.0,1.0,100,--------------------------------------------------------------
Brice Sensabaugh,UTA,20,1,1,100,0.0,2.0,0.0,0.0,100,0.0,2.0,0.0,0.0,0.0,0.0,-,--------------------------------------------------------------
Markieff Morris,DAL,34,1,1,100,0.0,2.0,0.0,0.0,0.0,0.0,0.0,-,100,0.0,2.0,0.0,--------------------------------------------------------------
Jerome Robinson,GSW,26,1,1,100,0.0,2.0,0.0,0.0,100,0.0,2.0,0.0,0.0,0.0,0.0,-,--------------------------------------------------------------
Keyontae Johnson,OKC,23,1,1,100,0.0,1.0,0.0,0.0,100,0.0,1.0,0.0,0.0,0.0,0.0,-,--------------------------------------------------------------
Leonard Miller,MIN,19,1,1,100,0.0,1.0,0.0,0.0,100,0.0,1.0,0.0,0.0,0.0,0.0,-,--------------------------------------------------------------
Ish Wainright,POR,29,1,1,100,0.0,1.0,0.0,0.0,0.0,0.0,0.0,-,100,0.0,1.0,0.0,--------------------------------------------------------------
Alex Fudge,LAL,20,1,1,100,0.0,1.0,0.0,0.0,100,0.0,1.0,0.0,0.0,0.0,0.0,-,--------------------------------------------------------------
R.J. Hampton,MIA,22,1,1,100,0.0,1.0,0.0,0.0,100,0.0,1.0,0.0,0.0,0.0,0.0,-,--------------------------------------------------------------
